10000 0.078
20000 0.052
30000 0.055
40000 0.058
50000 0.061
60000 0.065
70000 0.073
80000 0.075
90000 0.079
100000 0.083
110000 0.087
120000 0.097
130000 0.095
140000 0.101
150000 0.102
160000 0.106
170000 0.109
180000 0.12
190000 0.119
200000 0.122
210000 0.129
220000 0.13
230000 0.132
240000 0.139
250000 0.147
260000 0.144
270000 0.14
280000 0.133
290000 0.132
300000 0.14
310000 0.141
320000 0.134
330000 0.141
340000 0.142
350000 0.143
360000 0.144
370000 0.144
380000 0.144
390000 0.146
400000 0.149
410000 0.142
420000 0.144
430000 0.146
440000 0.153
450000 0.148
460000 0.144
470000 0.152
480000 0.145
490000 0.147
500000 0.152
510000 0.152
520000 0.155
530000 0.154
540000 0.145
550000 0.144
560000 0.149
570000 0.142
580000 0.146
590000 0.151
600000 0.15
610000 0.155
620000 0.158
630000 0.158
640000 0.159
650000 0.158
660000 0.158
670000 0.164
680000 0.164
690000 0.174
700000 0.179
710000 0.192
720000 0.184
730000 0.198
740000 0.204
750000 0.207
760000 0.209
770000 0.213
780000 0.225
790000 0.213
800000 0.214
810000 0.214
820000 0.215
830000 0.218
840000 0.219
850000 0.225
860000 0.226
870000 0.231
880000 0.232
890000 0.24
900000 0.244
910000 0.246
920000 0.243
930000 0.252
940000 0.255
950000 0.256
960000 0.257
970000 0.263
980000 0.268
990000 0.266
1000000 0.264
1010000 0.265
1020000 0.271
1030000 0.276
1040000 0.276
1050000 0.264
1060000 0.263
1070000 0.259
1080000 0.262
1090000 0.265
1100000 0.271
1110000 0.271
1120000 0.273
1130000 0.279
1140000 0.274
1150000 0.278
1160000 0.287
1170000 0.288
1180000 0.287
1190000 0.288
1200000 0.292
1210000 0.292
1220000 0.307
1230000 0.299
1240000 0.305
1250000 0.305
1260000 0.304
1270000 0.31
1280000 0.312
1290000 0.316
1300000 0.315
1310000 0.318
1320000 0.299
1330000 0.297
1340000 0.298
1350000 0.299
1360000 0.31
1370000 0.306
1380000 0.313
1390000 0.313
1400000 0.314
1410000 0.32
1420000 0.316
1430000 0.327
1440000 0.326
1450000 0.326
1460000 0.325
1470000 0.326
1480000 0.335
1490000 0.336
1500000 0.337
1510000 0.346
1520000 0.342
1530000 0.342
1540000 0.347
1550000 0.353
1560000 0.352
1570000 0.354
1580000 0.346
1590000 0.339
1600000 0.336
1610000 0.347
1620000 0.346
1630000 0.344
1640000 0.346
1650000 0.347
1660000 0.353
1670000 0.357
1680000 0.357
1690000 0.362
1700000 0.365
1710000 0.364
1720000 0.366
1730000 0.372
1740000 0.372
1750000 0.376
1760000 0.382
1770000 0.378
1780000 0.379
1790000 0.387
1800000 0.386
1810000 0.392
1820000 0.393
1830000 0.393
1840000 0.377
1850000 0.381
1860000 0.379
1870000 0.374
1880000 0.379
1890000 0.384
1900000 0.382
1910000 0.385
1920000 0.391
1930000 0.396
1940000 0.396
1950000 0.404
1960000 0.4
1970000 0.407
1980000 0.404
1990000 0.409
2000000 0.405
2010000 0.415
2020000 0.414
2030000 0.419
2040000 0.419
2050000 0.422
2060000 0.427
2070000 0.426
2080000 0.425
2090000 0.433
2100000 0.421
2110000 0.423
2120000 0.415
2130000 0.422
2140000 0.419
2150000 0.416
2160000 0.426
2170000 0.432
2180000 0.433
2190000 0.437
2200000 0.432
2210000 0.436
2220000 0.441
