
Read File:	ldoor	Size: 633 MB
start reading graph

	Nodes: 952,203	Edges: 47,474,678	SymmetricFlag:1	FileWeightFlag:0	GraphType: Undirected (File Def)	Degree AVG: 49.9
the graph start transfering to CSR format
graphName: ldoor	V: 952203	E: 47474678	avgDegree: 49.9
graphName: ldoor	V: 952203	E: 47474678	avgDegree: 49.9	 deep: 180
graphName: ldoor
degree detail anaylse	minv: 29	maxv: 78
0 0 0.0000 0 0.0000
1 0 0.0000 0 0.0000
2 0 0.0000 0 0.0000
3 0 0.0000 0 0.0000
4 0 0.0000 0 0.0000
5 0 0.0000 0 0.0000
6 0 0.0000 0 0.0000
7 0 0.0000 0 0.0000
8 0 0.0000 0 0.0000
9 0 0.0000 0 0.0000
10 0 0.0000 0 0.0000
11 0 0.0000 0 0.0000
12 0 0.0000 0 0.0000
13 0 0.0000 0 0.0000
14 0 0.0000 0 0.0000
15 0 0.0000 0 0.0000
16 0 0.0000 0 0.0000
17 0 0.0000 0 0.0000
18 0 0.0000 0 0.0000
19 0 0.0000 0 0.0000
20 0 0.0000 0 0.0000
21 0 0.0000 0 0.0000
22 0 0.0000 0 0.0000
23 0 0.0000 0 0.0000
24 0 0.0000 0 0.0000
25 0 0.0000 0 0.0000
26 0 0.0000 0 0.0000
27 0 0.0000 0 0.0000
28 0 0.0000 0 0.0000
29 903 0.0009 903 0.0009
30 0 0.0000 903 0.0009
31 0 0.0000 903 0.0009
32 930 0.0010 1833 0.0019
33 1348 0.0014 3181 0.0033
34 0 0.0000 3181 0.0033
35 0 0.0000 3181 0.0033
36 324664 0.3410 327845 0.3443
37 0 0.0000 327845 0.3443
38 0 0.0000 327845 0.3443
39 159 0.0002 328004 0.3445
40 72 0.0001 328076 0.3445
41 0 0.0000 328076 0.3445
42 0 0.0000 328076 0.3445
43 84231 0.0885 412307 0.4330
44 0 0.0000 412307 0.4330
45 0 0.0000 412307 0.4330
46 1176 0.0012 413483 0.4342
47 1600 0.0017 415083 0.4359
48 0 0.0000 415083 0.4359
49 0 0.0000 415083 0.4359
50 132128 0.1388 547211 0.5747
51 0 0.0000 547211 0.5747
52 0 0.0000 547211 0.5747
53 18 0.0000 547229 0.5747
54 24 0.0000 547253 0.5747
55 0 0.0000 547253 0.5747
56 0 0.0000 547253 0.5747
57 87710 0.0921 634963 0.6668
58 0 0.0000 634963 0.6668
59 0 0.0000 634963 0.6668
60 0 0.0000 634963 0.6668
61 0 0.0000 634963 0.6668
62 0 0.0000 634963 0.6668
63 0 0.0000 634963 0.6668
64 315378 0.3312 950341 0.9980
65 0 0.0000 950341 0.9980
66 0 0.0000 950341 0.9980
67 0 0.0000 950341 0.9980
68 0 0.0000 950341 0.9980
69 0 0.0000 950341 0.9980
70 0 0.0000 950341 0.9980
71 1645 0.0017 951986 0.9998
72 0 0.0000 951986 0.9998
73 0 0.0000 951986 0.9998
74 0 0.0000 951986 0.9998
75 0 0.0000 951986 0.9998
76 0 0.0000 951986 0.9998
77 0 0.0000 951986 0.9998
78 217 0.0002 952203 1.0000
