
Read File:	circuit5M_dc	Size: 593 MB
start reading graph

	Nodes: 3,523,317	Edges: 19,194,193	SymmetricFlag:0	FileWeightFlag:0	GraphType: Directed (File Def)	Degree AVG: 5.4
the graph start transfering to CSR format
graphName: circuit5M_dc	V: 3523317	E: 19194193	avgDegree: 5.4
graphName: circuit5M_dc	V: 3523317	E: 19194193	avgDegree: 5.4	 deep: 148
graphName: circuit5M_dc
degree detail anaylse	minv: 1	maxv: 27
0 0 0.0000 0 0.0000
1 2 0.0000 2 0.0000
2 23864 0.0068 23866 0.0068
3 179798 0.0510 203664 0.0578
4 1296235 0.3679 1499899 0.4257
5 845679 0.2400 2345578 0.6657
6 277982 0.0789 2623560 0.7446
7 528864 0.1501 3152424 0.8947
8 52143 0.0148 3204567 0.9095
9 28552 0.0081 3233119 0.9176
10 171810 0.0488 3404929 0.9664
11 29037 0.0082 3433966 0.9746
12 77673 0.0220 3511639 0.9967
13 3869 0.0011 3515508 0.9978
14 4183 0.0012 3519691 0.9990
15 950 0.0003 3520641 0.9992
16 34 0.0000 3520675 0.9993
17 248 0.0001 3520923 0.9993
18 94 0.0000 3521017 0.9993
19 797 0.0002 3521814 0.9996
20 94 0.0000 3521908 0.9996
21 81 0.0000 3521989 0.9996
22 65 0.0000 3522054 0.9996
23 2 0.0000 3522056 0.9996
24 1235 0.0004 3523291 1.0000
25 2 0.0000 3523293 1.0000
26 0 0.0000 3523293 1.0000
27 24 0.0000 3523317 1.0000
