
Read File:	msdoor	Size: 277 MB
start reading graph

	Nodes: 415,863	Edges: 20,656,798	SymmetricFlag:1	FileWeightFlag:0	GraphType: Undirected (File Def)	Degree AVG: 49.7
the graph start transfering to CSR format
graphName: msdoor	V: 415863	E: 20656798	avgDegree: 49.7
graphName: msdoor	V: 415863	E: 20656798	avgDegree: 49.7	 deep: 143
graphName: msdoor
degree detail anaylse	minv: 29	maxv: 78
0 0 0.0000 0 0.0000
1 0 0.0000 0 0.0000
2 0 0.0000 0 0.0000
3 0 0.0000 0 0.0000
4 0 0.0000 0 0.0000
5 0 0.0000 0 0.0000
6 0 0.0000 0 0.0000
7 0 0.0000 0 0.0000
8 0 0.0000 0 0.0000
9 0 0.0000 0 0.0000
10 0 0.0000 0 0.0000
11 0 0.0000 0 0.0000
12 0 0.0000 0 0.0000
13 0 0.0000 0 0.0000
14 0 0.0000 0 0.0000
15 0 0.0000 0 0.0000
16 0 0.0000 0 0.0000
17 0 0.0000 0 0.0000
18 0 0.0000 0 0.0000
19 0 0.0000 0 0.0000
20 0 0.0000 0 0.0000
21 0 0.0000 0 0.0000
22 0 0.0000 0 0.0000
23 0 0.0000 0 0.0000
24 0 0.0000 0 0.0000
25 0 0.0000 0 0.0000
26 0 0.0000 0 0.0000
27 0 0.0000 0 0.0000
28 0 0.0000 0 0.0000
29 1050 0.0025 1050 0.0025
30 0 0.0000 1050 0.0025
31 0 0.0000 1050 0.0025
32 954 0.0023 2004 0.0048
33 1328 0.0032 3332 0.0080
34 0 0.0000 3332 0.0080
35 0 0.0000 3332 0.0080
36 130655 0.3142 133987 0.3222
37 0 0.0000 133987 0.3222
38 0 0.0000 133987 0.3222
39 69 0.0002 134056 0.3224
40 84 0.0002 134140 0.3226
41 0 0.0000 134140 0.3226
42 0 0.0000 134140 0.3226
43 48679 0.1171 182819 0.4396
44 0 0.0000 182819 0.4396
45 0 0.0000 182819 0.4396
46 1245 0.0030 184064 0.4426
47 1524 0.0037 185588 0.4463
48 0 0.0000 185588 0.4463
49 0 0.0000 185588 0.4463
50 61953 0.1490 247541 0.5952
51 0 0.0000 247541 0.5952
52 0 0.0000 247541 0.5952
53 27 0.0001 247568 0.5953
54 124 0.0003 247692 0.5956
55 0 0.0000 247692 0.5956
56 0 0.0000 247692 0.5956
57 36606 0.0880 284298 0.6836
58 0 0.0000 284298 0.6836
59 0 0.0000 284298 0.6836
60 0 0.0000 284298 0.6836
61 0 0.0000 284298 0.6836
62 0 0.0000 284298 0.6836
63 0 0.0000 284298 0.6836
64 130599 0.3140 414897 0.9977
65 0 0.0000 414897 0.9977
66 0 0.0000 414897 0.9977
67 0 0.0000 414897 0.9977
68 0 0.0000 414897 0.9977
69 0 0.0000 414897 0.9977
70 0 0.0000 414897 0.9977
71 819 0.0020 415716 0.9996
72 0 0.0000 415716 0.9996
73 0 0.0000 415716 0.9996
74 0 0.0000 415716 0.9996
75 0 0.0000 415716 0.9996
76 0 0.0000 415716 0.9996
77 0 0.0000 415716 0.9996
78 147 0.0004 415863 1.0000
