
Read File:	rmat.3Mv	Size: 376 MB
start reading graph

	Nodes: 3,000,000	Edges: 20,000,000	SymmetricFlag:0	FileWeightFlag:1	GraphType: Directed (UnDef)	Degree AVG: 6.7
the graph start transfering to CSR format
graphName: rmat.3Mv	V: 3000000	E: 20000000	avgDegree: 6.7
graphName: rmat.3Mv	V: 3000000	E: 20000000	avgDegree: 6.7	 deep: 15
graphName: rmat.3Mv
degree detail anaylse	minv: 0	maxv: 812
0 1052128 0.3507 1052128 0.3507
1 212536 0.0708 1264664 0.4216
2 214642 0.0715 1479306 0.4931
3 193456 0.0645 1672762 0.5576
4 167135 0.0557 1839897 0.6133
5 142353 0.0475 1982250 0.6607
6 120182 0.0401 2102432 0.7008
7 102734 0.0342 2205166 0.7351
8 87591 0.0292 2292757 0.7643
9 74306 0.0248 2367063 0.7890
10 64178 0.0214 2431241 0.8104
11 55973 0.0187 2487214 0.8291
12 48803 0.0163 2536017 0.8453
13 42601 0.0142 2578618 0.8595
14 37288 0.0124 2615906 0.8720
15 33103 0.0110 2649009 0.8830
16 29252 0.0098 2678261 0.8928
17 26223 0.0087 2704484 0.9015
18 23396 0.0078 2727880 0.9093
19 21024 0.0070 2748904 0.9163
20 18766 0.0063 2767670 0.9226
21 16588 0.0055 2784258 0.9281
22 15274 0.0051 2799532 0.9332
23 13571 0.0045 2813103 0.9377
24 12367 0.0041 2825470 0.9418
25 11490 0.0038 2836960 0.9457
26 10592 0.0035 2847552 0.9492
27 10053 0.0034 2857605 0.9525
28 9114 0.0030 2866719 0.9556
29 8642 0.0029 2875361 0.9585
30 7782 0.0026 2883143 0.9610
31 7218 0.0024 2890361 0.9635
32 6453 0.0022 2896814 0.9656
33 5879 0.0020 2902693 0.9676
34 5222 0.0017 2907915 0.9693
35 4826 0.0016 2912741 0.9709
36 4372 0.0015 2917113 0.9724
37 4061 0.0014 2921174 0.9737
38 3779 0.0013 2924953 0.9750
39 3662 0.0012 2928615 0.9762
40 3241 0.0011 2931856 0.9773
41 3251 0.0011 2935107 0.9784
42 3230 0.0011 2938337 0.9794
43 3100 0.0010 2941437 0.9805
44 2963 0.0010 2944400 0.9815
45 2857 0.0010 2947257 0.9824
46 2805 0.0009 2950062 0.9834
47 2561 0.0009 2952623 0.9842
48 2449 0.0008 2955072 0.9850
49 2272 0.0008 2957344 0.9858
50 2129 0.0007 2959473 0.9865
51 1962 0.0007 2961435 0.9871
52 1698 0.0006 2963133 0.9877
53 1579 0.0005 2964712 0.9882
54 1484 0.0005 2966196 0.9887
55 1390 0.0005 2967586 0.9892
56 1232 0.0004 2968818 0.9896
57 1102 0.0004 2969920 0.9900
58 1011 0.0003 2970931 0.9903
59 1035 0.0003 2971966 0.9907
60 876 0.0003 2972842 0.9909
61 867 0.0003 2973709 0.9912
62 807 0.0003 2974516 0.9915
63 800 0.0003 2975316 0.9918
64 787 0.0003 2976103 0.9920
65 733 0.0002 2976836 0.9923
66 740 0.0002 2977576 0.9925
67 713 0.0002 2978289 0.9928
68 802 0.0003 2979091 0.9930
69 793 0.0003 2979884 0.9933
70 756 0.0003 2980640 0.9935
71 729 0.0002 2981369 0.9938
72 729 0.0002 2982098 0.9940
73 721 0.0002 2982819 0.9943
74 738 0.0002 2983557 0.9945
75 717 0.0002 2984274 0.9948
76 655 0.0002 2984929 0.9950
77 667 0.0002 2985596 0.9952
78 620 0.0002 2986216 0.9954
79 591 0.0002 2986807 0.9956
80 553 0.0002 2987360 0.9958
81 541 0.0002 2987901 0.9960
82 508 0.0002 2988409 0.9961
83 451 0.0002 2988860 0.9963
84 409 0.0001 2989269 0.9964
85 390 0.0001 2989659 0.9966
86 339 0.0001 2989998 0.9967
87 318 0.0001 2990316 0.9968
88 309 0.0001 2990625 0.9969
89 257 0.0001 2990882 0.9970
90 278 0.0001 2991160 0.9971
91 250 0.0001 2991410 0.9971
92 204 0.0001 2991614 0.9972
93 190 0.0001 2991804 0.9973
94 179 0.0001 2991983 0.9973
95 156 0.0001 2992139 0.9974
96 152 0.0001 2992291 0.9974
97 134 0.0000 2992425 0.9975
98 140 0.0000 2992565 0.9975
99 136 0.0000 2992701 0.9976
100 141 0.0000 2992842 0.9976
101 124 0.0000 2992966 0.9977
102 172 0.0001 2993138 0.9977
103 147 0.0000 2993285 0.9978
104 127 0.0000 2993412 0.9978
105 150 0.0001 2993562 0.9979
106 153 0.0001 2993715 0.9979
107 124 0.0000 2993839 0.9979
108 117 0.0000 2993956 0.9980
109 123 0.0000 2994079 0.9980
110 153 0.0001 2994232 0.9981
111 155 0.0001 2994387 0.9981
112 154 0.0001 2994541 0.9982
113 133 0.0000 2994674 0.9982
114 142 0.0000 2994816 0.9983
115 150 0.0001 2994966 0.9983
116 149 0.0000 2995115 0.9984
117 158 0.0001 2995273 0.9984
118 141 0.0000 2995414 0.9985
119 166 0.0001 2995580 0.9985
120 163 0.0001 2995743 0.9986
121 119 0.0000 2995862 0.9986
122 134 0.0000 2995996 0.9987
123 145 0.0000 2996141 0.9987
124 119 0.0000 2996260 0.9988
125 129 0.0000 2996389 0.9988
126 123 0.0000 2996512 0.9988
127 118 0.0000 2996630 0.9989
128 104 0.0000 2996734 0.9989
129 127 0.0000 2996861 0.9990
130 102 0.0000 2996963 0.9990
131 96 0.0000 2997059 0.9990
132 95 0.0000 2997154 0.9991
133 106 0.0000 2997260 0.9991
134 92 0.0000 2997352 0.9991
135 85 0.0000 2997437 0.9991
136 85 0.0000 2997522 0.9992
137 94 0.0000 2997616 0.9992
138 63 0.0000 2997679 0.9992
139 74 0.0000 2997753 0.9993
140 61 0.0000 2997814 0.9993
141 72 0.0000 2997886 0.9993
142 68 0.0000 2997954 0.9993
143 45 0.0000 2997999 0.9993
144 56 0.0000 2998055 0.9994
145 38 0.0000 2998093 0.9994
146 36 0.0000 2998129 0.9994
147 26 0.0000 2998155 0.9994
148 42 0.0000 2998197 0.9994
149 31 0.0000 2998228 0.9994
150 25 0.0000 2998253 0.9994
151 20 0.0000 2998273 0.9994
152 20 0.0000 2998293 0.9994
153 19 0.0000 2998312 0.9994
154 18 0.0000 2998330 0.9994
155 29 0.0000 2998359 0.9995
156 21 0.0000 2998380 0.9995
157 16 0.0000 2998396 0.9995
158 15 0.0000 2998411 0.9995
159 11 0.0000 2998422 0.9995
160 16 0.0000 2998438 0.9995
161 18 0.0000 2998456 0.9995
162 16 0.0000 2998472 0.9995
163 14 0.0000 2998486 0.9995
164 15 0.0000 2998501 0.9995
165 14 0.0000 2998515 0.9995
166 11 0.0000 2998526 0.9995
167 15 0.0000 2998541 0.9995
168 11 0.0000 2998552 0.9995
169 20 0.0000 2998572 0.9995
170 11 0.0000 2998583 0.9995
171 6 0.0000 2998589 0.9995
172 18 0.0000 2998607 0.9995
173 21 0.0000 2998628 0.9995
174 22 0.0000 2998650 0.9996
175 16 0.0000 2998666 0.9996
176 21 0.0000 2998687 0.9996
177 20 0.0000 2998707 0.9996
178 21 0.0000 2998728 0.9996
179 16 0.0000 2998744 0.9996
180 20 0.0000 2998764 0.9996
181 19 0.0000 2998783 0.9996
182 24 0.0000 2998807 0.9996
183 21 0.0000 2998828 0.9996
184 25 0.0000 2998853 0.9996
185 22 0.0000 2998875 0.9996
186 21 0.0000 2998896 0.9996
187 16 0.0000 2998912 0.9996
188 15 0.0000 2998927 0.9996
189 18 0.0000 2998945 0.9996
190 20 0.0000 2998965 0.9997
191 19 0.0000 2998984 0.9997
192 22 0.0000 2999006 0.9997
193 24 0.0000 2999030 0.9997
194 24 0.0000 2999054 0.9997
195 26 0.0000 2999080 0.9997
196 17 0.0000 2999097 0.9997
197 25 0.0000 2999122 0.9997
198 17 0.0000 2999139 0.9997
199 28 0.0000 2999167 0.9997
200 25 0.0000 2999192 0.9997
201 16 0.0000 2999208 0.9997
202 25 0.0000 2999233 0.9997
203 18 0.0000 2999251 0.9998
204 22 0.0000 2999273 0.9998
205 25 0.0000 2999298 0.9998
206 22 0.0000 2999320 0.9998
207 19 0.0000 2999339 0.9998
208 20 0.0000 2999359 0.9998
209 30 0.0000 2999389 0.9998
210 12 0.0000 2999401 0.9998
211 15 0.0000 2999416 0.9998
212 18 0.0000 2999434 0.9998
213 18 0.0000 2999452 0.9998
214 18 0.0000 2999470 0.9998
215 23 0.0000 2999493 0.9998
216 17 0.0000 2999510 0.9998
217 12 0.0000 2999522 0.9998
218 10 0.0000 2999532 0.9998
219 10 0.0000 2999542 0.9998
220 10 0.0000 2999552 0.9999
221 14 0.0000 2999566 0.9999
222 13 0.0000 2999579 0.9999
223 14 0.0000 2999593 0.9999
224 5 0.0000 2999598 0.9999
225 10 0.0000 2999608 0.9999
226 17 0.0000 2999625 0.9999
227 13 0.0000 2999638 0.9999
228 8 0.0000 2999646 0.9999
229 11 0.0000 2999657 0.9999
230 4 0.0000 2999661 0.9999
231 6 0.0000 2999667 0.9999
232 5 0.0000 2999672 0.9999
233 5 0.0000 2999677 0.9999
234 11 0.0000 2999688 0.9999
235 4 0.0000 2999692 0.9999
236 10 0.0000 2999702 0.9999
237 3 0.0000 2999705 0.9999
238 4 0.0000 2999709 0.9999
239 7 0.0000 2999716 0.9999
240 7 0.0000 2999723 0.9999
241 6 0.0000 2999729 0.9999
242 1 0.0000 2999730 0.9999
243 3 0.0000 2999733 0.9999
244 1 0.0000 2999734 0.9999
245 2 0.0000 2999736 0.9999
246 3 0.0000 2999739 0.9999
247 1 0.0000 2999740 0.9999
248 5 0.0000 2999745 0.9999
249 2 0.0000 2999747 0.9999
250 0 0.0000 2999747 0.9999
251 1 0.0000 2999748 0.9999
252 2 0.0000 2999750 0.9999
253 2 0.0000 2999752 0.9999
254 1 0.0000 2999753 0.9999
255 0 0.0000 2999753 0.9999
256 2 0.0000 2999755 0.9999
257 4 0.0000 2999759 0.9999
258 0 0.0000 2999759 0.9999
259 1 0.0000 2999760 0.9999
260 2 0.0000 2999762 0.9999
261 0 0.0000 2999762 0.9999
262 0 0.0000 2999762 0.9999
263 1 0.0000 2999763 0.9999
264 2 0.0000 2999765 0.9999
265 0 0.0000 2999765 0.9999
266 1 0.0000 2999766 0.9999
267 1 0.0000 2999767 0.9999
268 1 0.0000 2999768 0.9999
269 1 0.0000 2999769 0.9999
270 2 0.0000 2999771 0.9999
271 2 0.0000 2999773 0.9999
272 1 0.0000 2999774 0.9999
273 0 0.0000 2999774 0.9999
274 0 0.0000 2999774 0.9999
275 1 0.0000 2999775 0.9999
276 3 0.0000 2999778 0.9999
277 2 0.0000 2999780 0.9999
278 2 0.0000 2999782 0.9999
279 1 0.0000 2999783 0.9999
280 2 0.0000 2999785 0.9999
281 0 0.0000 2999785 0.9999
282 1 0.0000 2999786 0.9999
283 2 0.0000 2999788 0.9999
284 2 0.0000 2999790 0.9999
285 1 0.0000 2999791 0.9999
286 2 0.0000 2999793 0.9999
287 0 0.0000 2999793 0.9999
288 1 0.0000 2999794 0.9999
289 1 0.0000 2999795 0.9999
290 1 0.0000 2999796 0.9999
291 2 0.0000 2999798 0.9999
292 0 0.0000 2999798 0.9999
293 2 0.0000 2999800 0.9999
294 2 0.0000 2999802 0.9999
295 1 0.0000 2999803 0.9999
296 1 0.0000 2999804 0.9999
297 2 0.0000 2999806 0.9999
298 0 0.0000 2999806 0.9999
299 2 0.0000 2999808 0.9999
300 5 0.0000 2999813 0.9999
301 1 0.0000 2999814 0.9999
302 4 0.0000 2999818 0.9999
303 2 0.0000 2999820 0.9999
304 6 0.0000 2999826 0.9999
305 5 0.0000 2999831 0.9999
306 1 0.0000 2999832 0.9999
307 4 0.0000 2999836 0.9999
308 2 0.0000 2999838 0.9999
309 2 0.0000 2999840 0.9999
310 2 0.0000 2999842 0.9999
311 0 0.0000 2999842 0.9999
312 3 0.0000 2999845 0.9999
313 3 0.0000 2999848 0.9999
314 3 0.0000 2999851 1.0000
315 4 0.0000 2999855 1.0000
316 2 0.0000 2999857 1.0000
317 3 0.0000 2999860 1.0000
318 1 0.0000 2999861 1.0000
319 1 0.0000 2999862 1.0000
320 1 0.0000 2999863 1.0000
321 1 0.0000 2999864 1.0000
322 1 0.0000 2999865 1.0000
323 1 0.0000 2999866 1.0000
324 5 0.0000 2999871 1.0000
325 4 0.0000 2999875 1.0000
326 3 0.0000 2999878 1.0000
327 1 0.0000 2999879 1.0000
328 1 0.0000 2999880 1.0000
329 5 0.0000 2999885 1.0000
330 3 0.0000 2999888 1.0000
331 2 0.0000 2999890 1.0000
332 3 0.0000 2999893 1.0000
333 4 0.0000 2999897 1.0000
334 1 0.0000 2999898 1.0000
335 1 0.0000 2999899 1.0000
336 3 0.0000 2999902 1.0000
337 3 0.0000 2999905 1.0000
338 1 0.0000 2999906 1.0000
339 3 0.0000 2999909 1.0000
340 2 0.0000 2999911 1.0000
341 1 0.0000 2999912 1.0000
342 1 0.0000 2999913 1.0000
343 4 0.0000 2999917 1.0000
344 3 0.0000 2999920 1.0000
345 1 0.0000 2999921 1.0000
346 3 0.0000 2999924 1.0000
347 4 0.0000 2999928 1.0000
348 2 0.0000 2999930 1.0000
349 1 0.0000 2999931 1.0000
350 3 0.0000 2999934 1.0000
351 4 0.0000 2999938 1.0000
352 3 0.0000 2999941 1.0000
353 2 0.0000 2999943 1.0000
354 0 0.0000 2999943 1.0000
355 0 0.0000 2999943 1.0000
356 2 0.0000 2999945 1.0000
357 2 0.0000 2999947 1.0000
358 0 0.0000 2999947 1.0000
359 3 0.0000 2999950 1.0000
360 1 0.0000 2999951 1.0000
361 2 0.0000 2999953 1.0000
362 2 0.0000 2999955 1.0000
363 1 0.0000 2999956 1.0000
364 0 0.0000 2999956 1.0000
365 2 0.0000 2999958 1.0000
366 0 0.0000 2999958 1.0000
367 0 0.0000 2999958 1.0000
368 0 0.0000 2999958 1.0000
369 0 0.0000 2999958 1.0000
370 0 0.0000 2999958 1.0000
371 1 0.0000 2999959 1.0000
372 2 0.0000 2999961 1.0000
373 2 0.0000 2999963 1.0000
374 2 0.0000 2999965 1.0000
375 0 0.0000 2999965 1.0000
376 1 0.0000 2999966 1.0000
377 1 0.0000 2999967 1.0000
378 2 0.0000 2999969 1.0000
379 1 0.0000 2999970 1.0000
380 0 0.0000 2999970 1.0000
381 0 0.0000 2999970 1.0000
382 0 0.0000 2999970 1.0000
383 0 0.0000 2999970 1.0000
384 1 0.0000 2999971 1.0000
385 0 0.0000 2999971 1.0000
386 0 0.0000 2999971 1.0000
387 0 0.0000 2999971 1.0000
388 0 0.0000 2999971 1.0000
389 1 0.0000 2999972 1.0000
390 0 0.0000 2999972 1.0000
391 1 0.0000 2999973 1.0000
392 0 0.0000 2999973 1.0000
393 0 0.0000 2999973 1.0000
394 0 0.0000 2999973 1.0000
395 0 0.0000 2999973 1.0000
396 0 0.0000 2999973 1.0000
397 0 0.0000 2999973 1.0000
398 0 0.0000 2999973 1.0000
399 1 0.0000 2999974 1.0000
400 0 0.0000 2999974 1.0000
401 0 0.0000 2999974 1.0000
402 0 0.0000 2999974 1.0000
403 0 0.0000 2999974 1.0000
404 0 0.0000 2999974 1.0000
405 0 0.0000 2999974 1.0000
406 0 0.0000 2999974 1.0000
407 2 0.0000 2999976 1.0000
408 0 0.0000 2999976 1.0000
409 0 0.0000 2999976 1.0000
410 1 0.0000 2999977 1.0000
411 0 0.0000 2999977 1.0000
412 0 0.0000 2999977 1.0000
413 0 0.0000 2999977 1.0000
414 0 0.0000 2999977 1.0000
415 0 0.0000 2999977 1.0000
416 0 0.0000 2999977 1.0000
417 0 0.0000 2999977 1.0000
418 0 0.0000 2999977 1.0000
419 1 0.0000 2999978 1.0000
420 0 0.0000 2999978 1.0000
421 0 0.0000 2999978 1.0000
422 0 0.0000 2999978 1.0000
423 0 0.0000 2999978 1.0000
424 0 0.0000 2999978 1.0000
425 0 0.0000 2999978 1.0000
426 0 0.0000 2999978 1.0000
427 0 0.0000 2999978 1.0000
428 0 0.0000 2999978 1.0000
429 0 0.0000 2999978 1.0000
430 0 0.0000 2999978 1.0000
431 0 0.0000 2999978 1.0000
432 0 0.0000 2999978 1.0000
433 0 0.0000 2999978 1.0000
434 0 0.0000 2999978 1.0000
435 0 0.0000 2999978 1.0000
436 0 0.0000 2999978 1.0000
437 0 0.0000 2999978 1.0000
438 0 0.0000 2999978 1.0000
439 0 0.0000 2999978 1.0000
440 0 0.0000 2999978 1.0000
441 0 0.0000 2999978 1.0000
442 0 0.0000 2999978 1.0000
443 0 0.0000 2999978 1.0000
444 0 0.0000 2999978 1.0000
445 0 0.0000 2999978 1.0000
446 0 0.0000 2999978 1.0000
447 0 0.0000 2999978 1.0000
448 0 0.0000 2999978 1.0000
449 0 0.0000 2999978 1.0000
450 0 0.0000 2999978 1.0000
451 0 0.0000 2999978 1.0000
452 0 0.0000 2999978 1.0000
453 0 0.0000 2999978 1.0000
454 0 0.0000 2999978 1.0000
455 0 0.0000 2999978 1.0000
456 0 0.0000 2999978 1.0000
457 0 0.0000 2999978 1.0000
458 0 0.0000 2999978 1.0000
459 0 0.0000 2999978 1.0000
460 0 0.0000 2999978 1.0000
461 0 0.0000 2999978 1.0000
462 0 0.0000 2999978 1.0000
463 0 0.0000 2999978 1.0000
464 0 0.0000 2999978 1.0000
465 0 0.0000 2999978 1.0000
466 0 0.0000 2999978 1.0000
467 0 0.0000 2999978 1.0000
468 0 0.0000 2999978 1.0000
469 0 0.0000 2999978 1.0000
470 0 0.0000 2999978 1.0000
471 0 0.0000 2999978 1.0000
472 0 0.0000 2999978 1.0000
473 0 0.0000 2999978 1.0000
474 0 0.0000 2999978 1.0000
475 1 0.0000 2999979 1.0000
476 0 0.0000 2999979 1.0000
477 0 0.0000 2999979 1.0000
478 0 0.0000 2999979 1.0000
479 0 0.0000 2999979 1.0000
480 0 0.0000 2999979 1.0000
481 0 0.0000 2999979 1.0000
482 0 0.0000 2999979 1.0000
483 0 0.0000 2999979 1.0000
484 1 0.0000 2999980 1.0000
485 0 0.0000 2999980 1.0000
486 0 0.0000 2999980 1.0000
487 0 0.0000 2999980 1.0000
488 0 0.0000 2999980 1.0000
489 0 0.0000 2999980 1.0000
490 0 0.0000 2999980 1.0000
491 1 0.0000 2999981 1.0000
492 0 0.0000 2999981 1.0000
493 0 0.0000 2999981 1.0000
494 0 0.0000 2999981 1.0000
495 1 0.0000 2999982 1.0000
496 0 0.0000 2999982 1.0000
497 0 0.0000 2999982 1.0000
498 0 0.0000 2999982 1.0000
499 0 0.0000 2999982 1.0000
500 0 0.0000 2999982 1.0000
501 0 0.0000 2999982 1.0000
502 0 0.0000 2999982 1.0000
503 1 0.0000 2999983 1.0000
504 0 0.0000 2999983 1.0000
505 0 0.0000 2999983 1.0000
506 0 0.0000 2999983 1.0000
507 0 0.0000 2999983 1.0000
508 1 0.0000 2999984 1.0000
509 0 0.0000 2999984 1.0000
510 0 0.0000 2999984 1.0000
511 0 0.0000 2999984 1.0000
512 1 0.0000 2999985 1.0000
513 0 0.0000 2999985 1.0000
514 0 0.0000 2999985 1.0000
515 0 0.0000 2999985 1.0000
516 0 0.0000 2999985 1.0000
517 1 0.0000 2999986 1.0000
518 0 0.0000 2999986 1.0000
519 0 0.0000 2999986 1.0000
520 1 0.0000 2999987 1.0000
521 0 0.0000 2999987 1.0000
522 0 0.0000 2999987 1.0000
523 0 0.0000 2999987 1.0000
524 0 0.0000 2999987 1.0000
525 0 0.0000 2999987 1.0000
526 0 0.0000 2999987 1.0000
527 1 0.0000 2999988 1.0000
528 0 0.0000 2999988 1.0000
529 0 0.0000 2999988 1.0000
530 1 0.0000 2999989 1.0000
531 0 0.0000 2999989 1.0000
532 0 0.0000 2999989 1.0000
533 0 0.0000 2999989 1.0000
534 0 0.0000 2999989 1.0000
535 0 0.0000 2999989 1.0000
536 0 0.0000 2999989 1.0000
537 0 0.0000 2999989 1.0000
538 0 0.0000 2999989 1.0000
539 0 0.0000 2999989 1.0000
540 0 0.0000 2999989 1.0000
541 0 0.0000 2999989 1.0000
542 1 0.0000 2999990 1.0000
543 0 0.0000 2999990 1.0000
544 0 0.0000 2999990 1.0000
545 1 0.0000 2999991 1.0000
546 0 0.0000 2999991 1.0000
547 0 0.0000 2999991 1.0000
548 0 0.0000 2999991 1.0000
549 0 0.0000 2999991 1.0000
550 1 0.0000 2999992 1.0000
551 1 0.0000 2999993 1.0000
552 0 0.0000 2999993 1.0000
553 0 0.0000 2999993 1.0000
554 0 0.0000 2999993 1.0000
555 0 0.0000 2999993 1.0000
556 0 0.0000 2999993 1.0000
557 0 0.0000 2999993 1.0000
558 1 0.0000 2999994 1.0000
559 0 0.0000 2999994 1.0000
560 0 0.0000 2999994 1.0000
561 0 0.0000 2999994 1.0000
562 0 0.0000 2999994 1.0000
563 0 0.0000 2999994 1.0000
564 0 0.0000 2999994 1.0000
565 0 0.0000 2999994 1.0000
566 0 0.0000 2999994 1.0000
567 0 0.0000 2999994 1.0000
568 0 0.0000 2999994 1.0000
569 0 0.0000 2999994 1.0000
570 1 0.0000 2999995 1.0000
571 0 0.0000 2999995 1.0000
572 0 0.0000 2999995 1.0000
573 0 0.0000 2999995 1.0000
574 0 0.0000 2999995 1.0000
575 0 0.0000 2999995 1.0000
576 0 0.0000 2999995 1.0000
577 0 0.0000 2999995 1.0000
578 0 0.0000 2999995 1.0000
579 0 0.0000 2999995 1.0000
580 0 0.0000 2999995 1.0000
581 0 0.0000 2999995 1.0000
582 0 0.0000 2999995 1.0000
583 0 0.0000 2999995 1.0000
584 0 0.0000 2999995 1.0000
585 0 0.0000 2999995 1.0000
586 0 0.0000 2999995 1.0000
587 0 0.0000 2999995 1.0000
588 0 0.0000 2999995 1.0000
589 0 0.0000 2999995 1.0000
590 0 0.0000 2999995 1.0000
591 0 0.0000 2999995 1.0000
592 0 0.0000 2999995 1.0000
593 0 0.0000 2999995 1.0000
594 0 0.0000 2999995 1.0000
595 0 0.0000 2999995 1.0000
596 1 0.0000 2999996 1.0000
597 0 0.0000 2999996 1.0000
598 1 0.0000 2999997 1.0000
599 0 0.0000 2999997 1.0000
600 0 0.0000 2999997 1.0000
601 0 0.0000 2999997 1.0000
602 0 0.0000 2999997 1.0000
603 0 0.0000 2999997 1.0000
604 0 0.0000 2999997 1.0000
605 0 0.0000 2999997 1.0000
606 0 0.0000 2999997 1.0000
607 1 0.0000 2999998 1.0000
608 0 0.0000 2999998 1.0000
609 0 0.0000 2999998 1.0000
610 1 0.0000 2999999 1.0000
611 0 0.0000 2999999 1.0000
612 0 0.0000 2999999 1.0000
613 0 0.0000 2999999 1.0000
614 0 0.0000 2999999 1.0000
615 0 0.0000 2999999 1.0000
616 0 0.0000 2999999 1.0000
617 0 0.0000 2999999 1.0000
618 0 0.0000 2999999 1.0000
619 0 0.0000 2999999 1.0000
620 0 0.0000 2999999 1.0000
621 0 0.0000 2999999 1.0000
622 0 0.0000 2999999 1.0000
623 0 0.0000 2999999 1.0000
624 0 0.0000 2999999 1.0000
625 0 0.0000 2999999 1.0000
626 0 0.0000 2999999 1.0000
627 0 0.0000 2999999 1.0000
628 0 0.0000 2999999 1.0000
629 0 0.0000 2999999 1.0000
630 0 0.0000 2999999 1.0000
631 0 0.0000 2999999 1.0000
632 0 0.0000 2999999 1.0000
633 0 0.0000 2999999 1.0000
634 0 0.0000 2999999 1.0000
635 0 0.0000 2999999 1.0000
636 0 0.0000 2999999 1.0000
637 0 0.0000 2999999 1.0000
638 0 0.0000 2999999 1.0000
639 0 0.0000 2999999 1.0000
640 0 0.0000 2999999 1.0000
641 0 0.0000 2999999 1.0000
642 0 0.0000 2999999 1.0000
643 0 0.0000 2999999 1.0000
644 0 0.0000 2999999 1.0000
645 0 0.0000 2999999 1.0000
646 0 0.0000 2999999 1.0000
647 0 0.0000 2999999 1.0000
648 0 0.0000 2999999 1.0000
649 0 0.0000 2999999 1.0000
650 0 0.0000 2999999 1.0000
651 0 0.0000 2999999 1.0000
652 0 0.0000 2999999 1.0000
653 0 0.0000 2999999 1.0000
654 0 0.0000 2999999 1.0000
655 0 0.0000 2999999 1.0000
656 0 0.0000 2999999 1.0000
657 0 0.0000 2999999 1.0000
658 0 0.0000 2999999 1.0000
659 0 0.0000 2999999 1.0000
660 0 0.0000 2999999 1.0000
661 0 0.0000 2999999 1.0000
662 0 0.0000 2999999 1.0000
663 0 0.0000 2999999 1.0000
664 0 0.0000 2999999 1.0000
665 0 0.0000 2999999 1.0000
666 0 0.0000 2999999 1.0000
667 0 0.0000 2999999 1.0000
668 0 0.0000 2999999 1.0000
669 0 0.0000 2999999 1.0000
670 0 0.0000 2999999 1.0000
671 0 0.0000 2999999 1.0000
672 0 0.0000 2999999 1.0000
673 0 0.0000 2999999 1.0000
674 0 0.0000 2999999 1.0000
675 0 0.0000 2999999 1.0000
676 0 0.0000 2999999 1.0000
677 0 0.0000 2999999 1.0000
678 0 0.0000 2999999 1.0000
679 0 0.0000 2999999 1.0000
680 0 0.0000 2999999 1.0000
681 0 0.0000 2999999 1.0000
682 0 0.0000 2999999 1.0000
683 0 0.0000 2999999 1.0000
684 0 0.0000 2999999 1.0000
685 0 0.0000 2999999 1.0000
686 0 0.0000 2999999 1.0000
687 0 0.0000 2999999 1.0000
688 0 0.0000 2999999 1.0000
689 0 0.0000 2999999 1.0000
690 0 0.0000 2999999 1.0000
691 0 0.0000 2999999 1.0000
692 0 0.0000 2999999 1.0000
693 0 0.0000 2999999 1.0000
694 0 0.0000 2999999 1.0000
695 0 0.0000 2999999 1.0000
696 0 0.0000 2999999 1.0000
697 0 0.0000 2999999 1.0000
698 0 0.0000 2999999 1.0000
699 0 0.0000 2999999 1.0000
700 0 0.0000 2999999 1.0000
701 0 0.0000 2999999 1.0000
702 0 0.0000 2999999 1.0000
703 0 0.0000 2999999 1.0000
704 0 0.0000 2999999 1.0000
705 0 0.0000 2999999 1.0000
706 0 0.0000 2999999 1.0000
707 0 0.0000 2999999 1.0000
708 0 0.0000 2999999 1.0000
709 0 0.0000 2999999 1.0000
710 0 0.0000 2999999 1.0000
711 0 0.0000 2999999 1.0000
712 0 0.0000 2999999 1.0000
713 0 0.0000 2999999 1.0000
714 0 0.0000 2999999 1.0000
715 0 0.0000 2999999 1.0000
716 0 0.0000 2999999 1.0000
717 0 0.0000 2999999 1.0000
718 0 0.0000 2999999 1.0000
719 0 0.0000 2999999 1.0000
720 0 0.0000 2999999 1.0000
721 0 0.0000 2999999 1.0000
722 0 0.0000 2999999 1.0000
723 0 0.0000 2999999 1.0000
724 0 0.0000 2999999 1.0000
725 0 0.0000 2999999 1.0000
726 0 0.0000 2999999 1.0000
727 0 0.0000 2999999 1.0000
728 0 0.0000 2999999 1.0000
729 0 0.0000 2999999 1.0000
730 0 0.0000 2999999 1.0000
731 0 0.0000 2999999 1.0000
732 0 0.0000 2999999 1.0000
733 0 0.0000 2999999 1.0000
734 0 0.0000 2999999 1.0000
735 0 0.0000 2999999 1.0000
736 0 0.0000 2999999 1.0000
737 0 0.0000 2999999 1.0000
738 0 0.0000 2999999 1.0000
739 0 0.0000 2999999 1.0000
740 0 0.0000 2999999 1.0000
741 0 0.0000 2999999 1.0000
742 0 0.0000 2999999 1.0000
743 0 0.0000 2999999 1.0000
744 0 0.0000 2999999 1.0000
745 0 0.0000 2999999 1.0000
746 0 0.0000 2999999 1.0000
747 0 0.0000 2999999 1.0000
748 0 0.0000 2999999 1.0000
749 0 0.0000 2999999 1.0000
750 0 0.0000 2999999 1.0000
751 0 0.0000 2999999 1.0000
752 0 0.0000 2999999 1.0000
753 0 0.0000 2999999 1.0000
754 0 0.0000 2999999 1.0000
755 0 0.0000 2999999 1.0000
756 0 0.0000 2999999 1.0000
757 0 0.0000 2999999 1.0000
758 0 0.0000 2999999 1.0000
759 0 0.0000 2999999 1.0000
760 0 0.0000 2999999 1.0000
761 0 0.0000 2999999 1.0000
762 0 0.0000 2999999 1.0000
763 0 0.0000 2999999 1.0000
764 0 0.0000 2999999 1.0000
765 0 0.0000 2999999 1.0000
766 0 0.0000 2999999 1.0000
767 0 0.0000 2999999 1.0000
768 0 0.0000 2999999 1.0000
769 0 0.0000 2999999 1.0000
770 0 0.0000 2999999 1.0000
771 0 0.0000 2999999 1.0000
772 0 0.0000 2999999 1.0000
773 0 0.0000 2999999 1.0000
774 0 0.0000 2999999 1.0000
775 0 0.0000 2999999 1.0000
776 0 0.0000 2999999 1.0000
777 0 0.0000 2999999 1.0000
778 0 0.0000 2999999 1.0000
779 0 0.0000 2999999 1.0000
780 0 0.0000 2999999 1.0000
781 0 0.0000 2999999 1.0000
782 0 0.0000 2999999 1.0000
783 0 0.0000 2999999 1.0000
784 0 0.0000 2999999 1.0000
785 0 0.0000 2999999 1.0000
786 0 0.0000 2999999 1.0000
787 0 0.0000 2999999 1.0000
788 0 0.0000 2999999 1.0000
789 0 0.0000 2999999 1.0000
790 0 0.0000 2999999 1.0000
791 0 0.0000 2999999 1.0000
792 0 0.0000 2999999 1.0000
793 0 0.0000 2999999 1.0000
794 0 0.0000 2999999 1.0000
795 0 0.0000 2999999 1.0000
796 0 0.0000 2999999 1.0000
797 0 0.0000 2999999 1.0000
798 0 0.0000 2999999 1.0000
799 0 0.0000 2999999 1.0000
800 0 0.0000 2999999 1.0000
801 0 0.0000 2999999 1.0000
802 0 0.0000 2999999 1.0000
803 0 0.0000 2999999 1.0000
804 0 0.0000 2999999 1.0000
805 0 0.0000 2999999 1.0000
806 0 0.0000 2999999 1.0000
807 0 0.0000 2999999 1.0000
808 0 0.0000 2999999 1.0000
809 0 0.0000 2999999 1.0000
810 0 0.0000 2999999 1.0000
811 0 0.0000 2999999 1.0000
812 1 0.0000 3000000 1.0000
