
Read File:	delaunay_n20	Size: 42 MB
start reading graph

	Nodes: 1,048,576	Edges: 6,291,372	SymmetricFlag:1	FileWeightFlag:0	GraphType: Directed (File Def)	Degree AVG: 6.0
the graph start transfering to CSR format
graphName: delaunay_n20	V: 1048576	E: 6291372	avgDegree: 6.0
graphName: delaunay_n20	V: 1048576	E: 6291372	avgDegree: 6.0	 deep: 443
graphName: delaunay_n20
degree detail anaylse	minv: 3	maxv: 23
0 0 0.0000 0 0.0000
1 0 0.0000 0 0.0000
2 0 0.0000 0 0.0000
3 11739 0.0112 11739 0.0112
4 111756 0.1066 123495 0.1178
5 272539 0.2599 396034 0.3777
6 309713 0.2954 705747 0.6731
7 207962 0.1983 913709 0.8714
8 93922 0.0896 1007631 0.9610
9 31133 0.0297 1038764 0.9906
10 7802 0.0074 1046566 0.9981
11 1570 0.0015 1048136 0.9996
12 314 0.0003 1048450 0.9999
13 64 0.0001 1048514 0.9999
14 25 0.0000 1048539 1.0000
15 12 0.0000 1048551 1.0000
16 13 0.0000 1048564 1.0000
17 3 0.0000 1048567 1.0000
18 5 0.0000 1048572 1.0000
19 1 0.0000 1048573 1.0000
20 2 0.0000 1048575 1.0000
21 0 0.0000 1048575 1.0000
22 0 0.0000 1048575 1.0000
23 1 0.0000 1048576 1.0000
