
Read File:	msdoor	Size: 400 MB
start reading graph

	Nodes: 415,863	Edges: 20,656,798	SymmetricFlag:0	FileWeightFlag:1	GraphType: Directed (File Def)	Degree AVG: 49.7
predealSize: 0 per: 0.0
the graph start transfering to CSR format
the graph start transfering to CSR format
graphName: msdoor	V: 415863	E: 20240935	avgDegree: 48.7	avgWeight: 5000.8	stdDegree: 0.0 3287.8
0.001841 32 32 0 0
0.043553 1408 1376 1408 1408
0.078341 9248 7840 9152 7744
0.113001 24192 14944 23552 14400
0.147748 44352 20160 43168 19616
0.185474 83360 39008 81152 37984
0.220746 149920 66560 143712 62560
0.260019 277408 127488 264032 120320
0.300770 424256 146848 396128 132096
0.339451 566848 142592 523616 127488
0.382998 754176 187328 678656 155040
0.425518 993472 239296 872960 194304
0.464612 1191584 198112 1043744 170784
0.505845 1397600 206016 1219584 175840
0.546594 1569024 171424 1370560 150976
0.586028 1782848 213824 1558688 188128
0.626242 1968736 185888 1727296 168608
0.667764 2223808 255072 1962016 234720
0.713584 2463616 239808 2185376 223360
0.757373 2750880 287264 2448480 263104
0.799051 2988736 237856 2667488 219008
0.840783 3233248 244512 2888032 220544
0.883184 3514880 281632 3141280 253248
0.926882 3781056 266176 3379904 238624
0.969884 4043552 262496 3616896 236992
1.012672 4263392 219840 3817632 200736
1.055819 4521728 258336 4057536 239904
1.095984 4777536 255808 4292320 234784
1.138840 4987808 210272 4486208 193888
1.184529 5303872 316064 4777568 291360
1.229217 5605504 301632 5053920 276352
1.271638 5857216 251712 5280064 226144
1.314128 6122208 264992 5514016 233952
1.356315 6367584 245376 5727296 213280
1.398640 6627008 259424 5956544 229248
1.439480 6865760 238752 6173024 216480
1.482007 7092416 226656 6380288 207264
1.525283 7335520 243104 6600640 220352
1.568473 7593472 257952 6833888 233248
1.617516 7865984 272512 7078688 244800
1.664031 8208320 342336 7385408 306720
1.704957 8442304 233984 7595584 210176
1.748177 8719136 276832 7843552 247968
1.792847 8997152 278016 8082944 239392
1.836633 9263520 266368 8316640 233696
1.880516 9524640 261120 8549184 232544
1.923423 9792224 267584 8792192 243008
1.966388 10019328 227104 8996000 203808
2.009090 10295776 276448 9246432 250432
2.054030 10525248 229472 9457536 211104
2.101228 10886560 361312 9789600 332064
2.143671 11178912 292352 10059456 269856
2.185332 11449152 270240 10312800 253344
2.227516 11695776 246624 10544736 231936
2.269938 11944128 248352 10776576 231840
2.311296 12193344 249216 11007904 231328
2.352834 12425760 232416 11219712 211808
2.393344 12648480 222720 11423392 203680
3.605221 12878112 229632 11634240 210848
3.651938 13100608 222496 11833760 199520
3.696942 13346080 245472 12049536 215776
3.738968 13599840 253760 12262048 212512
3.779897 13866624 266784 12488128 226080
3.820938 14101088 234464 12692640 204512
3.859950 14274944 173856 12854464 161824
3.899589 14444832 169888 13005440 150976
3.940504 14587552 142720 13134016 128576
3.983191 14758496 170944 13288384 154368
4.023007 14895776 137280 13414496 126112
4.059164 14991520 95744 13498464 83968
4.095014 15003648 12128 13509984 11520
4.133366 15003776 128 13510112 128
 Avg Profile: 
relaxNodesDivV: 1.13	relaxDepth: 320.00	kernelTime: 156.50	cacTime: 4.01	copyTime: 0.00	selectTime: 0.05	DL: 115.02
here::: 156.50 4.01 0.05 1.13 320.00 130.00
