
Read File:	USA-road-d.CAL	Size: 95 MB
start reading graph

	Nodes: 1,890,815	Edges: 4,657,742	SymmetricFlag:0	FileWeightFlag:1	GraphType: Directed (UnDef)	Degree AVG: 2.5
the graph start transfering to CSR format
graphName: USA-road-d.CAL	V: 1890815	E: 4657742	avgDegree: 2.5
1000000 1 99988 99988 99988 0.0800
1000000 2 199931 199931 199931 0.1090
1000000 3 299827 299827 299827 0.1130
1000000 4 399537 399537 399537 0.1140
1000000 5 499545 499545 499545 0.1170
1000000 6 600104 600104 600104 0.1100
1000000 7 700532 700532 700532 0.1120
1000000 8 800409 800409 800409 0.1120
1000000 9 900285 900285 900285 0.1140
1000000 10 1000000 1000000 1000000 0.1180
1000000 11 1000000 1000000 1000000 0.1090
